2026-01-24 21:38:56,537 - utils.performance_filter - INFO - repair_referential_integrity:719 - Removed 263466 orphaned sales records for products: [32776, 32777, 57365, 57366, 32791, 32795, 32796, 32570, 32805, 41012, 41013, 49234, 49235, 16473, 16474, 49242, 16475, 32861, 49241, 49247, 49248, 49250, 24696, 24702, 24703, 41091, 24708, 24713, 41102, 49295, 49296, 41105, 49314, 32931, 49346, 24790, 24791, 41179, 49372, 49373, 49377, 49378, 16617, 16619, 16620, 49389, 49388, 8433, 24817, 8435, 33012, 24827, 24829, 16638, 16639, 16640, 49436, 49441, 41250, 41251, 41252, 8486, 49447, 8489, 41257, 8491, 8492, 49449, 49451, 49452, 41277, 24902, 24906, 24911, 41298, 41299, 24915, 24917, 24921, 49498, 33116, 41308, 41309, 49500, 49502, 49503, 24924, 41321, 24937, 41323, 16752, 24946, 41341, 41343, 41345, 41346, 41347, 49537, 49538, 49540, 8583, 8584, 41353, 8586, 8587, 49541, 49542, 49543, 49544, 16786, 16787, 16788, 60325, 49563, 49564, 49565, 57772, 57774, 60332, 8642, 16837, 33224, 25041, 49622, 57818, 57820, 57821, 57822, 57823, 57824, 57843, 57844, 57845, 57846, 57847, 49657, 49658, 49660, 49662, 49665, 8706, 49667, 49668, 57864, 57865, 57869, 57871, 57872, 57875, 57876, 57877, 57880, 57882, 16924, 57885, 57887, 57888, 57889, 57890, 57891, 57892, 57893, 57895, 49704, 57896, 49706, 57898, 57902, 57903, 41520, 57904, 57906, 41523, 57907, 57908, 57909, 57910, 57911, 57912, 57913, 57914, 57916, 57917, 57918, 57920, 57921, 57924, 57925, 57926, 57928, 57931, 57935, 57936, 16977, 57939, 57940, 57941, 57948, 57949, 57950, 57951, 57952, 57953, 57954, 57965, 57968, 57969, 57970, 57972, 57973, 49782, 57975, 8824, 49784, 49785, 49787, 49788, 57976, 57977, 49791, 57978, 49793, 57979, 57980, 41604, 49796, 49797, 57994, 41616, 49809, 58000, 41619, 41621, 41630, 8864, 58016, 58017, 58022, 8871, 58024, 8873, 58026, 8875, 17068, 8877, 58027, 8879, 58028, 8881, 8882, 41651, 8884, 8886, 8891, 25276, 25279, 58050, 58052, 58054, 17103, 58066, 58067, 41684, 56363, 41686, 49891, 8932, 57135, 58086, 57136, 41708, 57137, 25330, 25332, 41731, 41734, 41735, 25350, 41743, 41744, 25360, 41746, 41747, 41748, 57145, 41757, 33570, 58154, 41778, 33587, 58166, 49975, 49976, 58167, 49978, 49979, 49981, 49982, 49983, 58175, 49985, 58176, 49987, 58179, 49989, 49990, 58182, 9034, 49994, 49996, 58194, 50003, 58195, 50005, 58196, 58197, 58198, 58199, 58201, 33627, 58203, 58204, 58205, 58207, 33632, 33633, 33634, 58208, 25442, 25443, 58212, 58214, 58213, 25452, 25458, 50035, 25460, 50043, 50044, 50045, 25470, 25472, 25474, 25488, 41875, 41876, 25491, 25492, 25494, 25496, 25497, 25498, 17307, 41884, 25501, 17317, 17318, 58280, 17321, 58281, 58283, 58284, 58285, 58286, 58287, 58288, 58289, 58291, 58292, 58293, 58295, 25528, 25529, 58298, 58297, 50108, 50109, 50110, 58296, 50116, 9158, 50121, 50122, 50123, 9164, 25552, 25554, 9172, 50135, 50136, 50145, 50146, 41969, 41971, 41973, 50172, 50173, 50176, 17416, 9237, 42006, 42007, 9246, 50207, 9248, 42017, 9250, 42018, 50208, 9253, 50212, 9255, 50213, 50215, 50220, 50222, 42031, 50223, 50224, 50226, 50228, 50230, 33849, 50233, 50234, 58428, 58432, 9284, 9289, 9290, 9292, 9294, 9296, 9297, 9298, 9299, 58451, 9301, 9302, 9303, 9304, 9305, 9307, 9309, 9310, 9312, 9313, 33891, 9316, 33894, 9318, 9319, 9320, 9324, 58477, 58479, 33904, 33905, 33906, 33907, 33908, 33909, 42098, 42099, 42103, 50297, 50298, 42107, 50301, 33918, 33919, 50303, 50304, 42114, 50306, 50307, 33925, 33926, 42118, 33928, 50310, 50312, 33931, 50314, 58502, 58503, 50319, 50320, 33937, 50321, 42131, 50322, 50323, 50325, 58511, 33944, 50329, 33946, 33947, 50330, 33949, 33950, 33951, 50332, 50337, 50335, 50339, 58523, 58525, 58527, 58529, 33960, 58530, 58531, 58533, 58534, 58536, 58537, 58544, 58545, 42166, 42168, 50362, 42171, 50363, 50368, 42177, 50369, 50371, 42180, 42181, 42182, 42183, 42184, 50374, 17607, 42187, 42192, 42193, 50386, 50391, 42211, 42214, 50407, 42216, 50408, 50409, 50410, 50411, 50415, 50416, 17650, 34039, 34040, 34042, 34044, 34045, 50429, 42240, 42241, 50433, 42243, 50434, 50435, 50439, 50446, 50447, 42258, 42260, 42261, 42262, 42263, 42264, 42265, 50465, 50470, 50471, 50475, 50484, 50488, 50489, 42312, 9547, 9548, 42317, 42318, 42320, 42322, 42323, 42324, 42325, 42326, 42328, 42330, 42331, 42332, 17757, 50530, 34147, 34153, 34176, 9604, 50564, 50568, 50569, 50572, 50573, 58773, 58774, 58777, 58778, 58779, 50588, 58780, 50590, 58781, 58782, 17826, 58788, 58790, 58791, 58792, 9641, 58794, 42413, 58801, 17842, 17843, 42420, 9653, 34230, 58803, 42424, 9683, 42458, 50655, 50658, 50659, 50661, 9717, 42491, 42496, 42497, 50689, 42499, 42500, 42502, 42503, 42505, 42507, 50701, 42510, 42511, 42512, 42514, 42516, 42517, 42522, 42523, 42524, 17948, 42526, 42527, 42532, 42533, 60956, 42550, 42551, 42552, 42553, 42554, 42555, 42556, 42557, 42558, 42559, 42560, 42564, 42565, 42567, 42569, 9802, 42570, 42572, 42573, 42574, 9807, 42576, 50767, 18002, 50771, 9813, 42586, 42588, 42589, 42590, 42591, 42592, 42593, 42594, 42595, 42596, 42597, 42598, 42599, 42600, 42601, 42614, 9847, 42615, 42617, 9849, 42618, 42616, 42620, 42628, 9860, 9861, 18053, 9864, 9865, 9873, 18068, 18069, 18070, 18071, 9880, 54066, 59029, 59032, 59036, 59038, 9887, 59039, 59040, 42658, 59041, 42660, 42661, 59042, 42663, 9896, 9910, 9911, 59064, 9913, 59067, 59077, 59079, 59080, 59081, 42698, 59082, 59083, 59084, 59086, 59087, 59090, 42708, 59092, 59093, 59094, 42712, 42713, 9947, 42720, 59112, 59113, 59114, 59115, 50924, 59117, 50926, 50927, 50928, 50929, 42734, 26352, 9972, 50933, 50935, 50936, 50937, 50938, 50939, 50951, 50955, 50956, 9999, 10000, 10001, 10003, 10005, 50974, 50975, 50976, 50978, 50981, 50982, 50983, 50986, 18225, 59197, 59198, 59199, 59201, 59204, 59205, 34630, 59211, 51020, 59212, 34639, 59215, 34641, 34642, 34643, 59216, 10069, 59220, 51031, 59221, 59222, 34650, 10074, 59223, 34654, 51043, 42855, 59243, 42860, 51053, 59244, 51055, 51056, 59245, 59246, 59247, 59248, 59249, 59250, 34681, 51072, 51075, 51076, 51077, 51078, 18311, 34696, 18312, 51080, 34699, 34700, 51079, 42894, 51084, 51081, 62258, 51094, 34712, 62259, 34716, 34717, 34718, 42910, 62260, 62261, 34725, 34728, 42921, 51112, 34749, 34753, 34754, 34755, 34756, 34757, 42948, 42951, 59330, 59335, 59337, 59338, 59339, 59340, 59342, 42959, 10196, 18309, 59364, 59367, 59371, 26605, 59374, 59375, 34802, 34808, 59389, 59393, 59394, 59396, 59397, 59398, 59399, 34824, 34825, 34826, 34827, 59400, 59401, 59404, 51215, 51216, 51217, 59408, 59409, 59411, 18456, 59418, 59424, 59426, 59428, 59429, 43046, 59431, 59432, 51245, 43054, 51246, 51248, 51252, 51253, 51256, 34877, 10301, 51263, 10304, 51264, 51262, 51265, 51270, 51271, 51272, 51273, 18506, 59462, 59463, 59464, 10318, 10319, 51280, 59465, 51283, 43099, 10332, 43102, 43103, 43112, 43113, 59499, 59500, 59501, 59502, 59503, 59505, 43122, 59506, 59508, 59509, 43127, 18552, 59511, 59512, 18558, 10367, 18561, 18562, 18565, 60678, 10377, 43157, 51357, 51371, 26795, 26798, 51380, 51381, 51383, 2232, 51384, 51385, 26813, 26817, 26820, 18631, 18645, 43222, 18646, 26847, 10466, 26851, 10468, 59634, 59635, 59636, 59637, 59638, 59639, 59640, 26869, 59642, 59643, 2300, 59644, 35070, 59645, 59646, 43265, 59648, 59649, 35076, 59650, 35078, 59651, 59652, 59653, 59654, 59655, 59656, 59657, 51470, 35087, 35088, 35089, 35090, 35091, 35092, 51471, 51474, 51473, 51477, 51478, 51479, 51480, 59673, 51485, 59678, 51487, 59674, 59675, 59676, 59677, 59679, 59680, 59681, 59696, 59700, 59701, 59704, 59705, 59706, 43323, 59708, 59710, 59711, 43328, 28150, 43330, 43331, 51523, 51526, 51541, 51544, 35162, 35167, 51554, 51555, 51556, 51557, 51558, 51559, 51560, 35179, 59756, 59757, 35186, 35188, 35191, 35192, 18809, 35194, 35195, 35196, 59771, 35198, 59772, 51579, 51581, 51585, 51586, 59773, 18821, 59774, 59775, 59776, 59777, 59778, 59779, 59780, 59781, 35214, 59783, 10640, 59784, 59785, 59786, 59787, 59788, 59789, 59790, 10648, 59792, 59793, 51611, 51612, 59801, 59802, 59803, 51616, 51617, 59805, 59806, 59807, 59808, 59809, 59811, 18856, 59812, 59814, 59815, 59817, 59818, 59819, 59820, 59821, 59827, 43446, 18871, 59842, 59843, 59844, 59846, 35271, 59848, 59849, 59850, 51666, 59863, 59864, 51673, 59866, 59867, 59868, 59878, 59879, 59880, 59881, 51700, 18932, 10747, 59900, 10749, 10750, 10751, 59901, 59902, 10754, 59904, 59907, 59908, 59909, 59910, 59911, 18957, 18959, 18962, 18964, 18965, 43550, 27171, 10791, 10792, 51753, 43565, 10800, 10801, 35378, 10804, 10805, 10807, 10808, 10810, 10811, 10824, 35401, 35403, 35404, 10827, 10833, 10836, 35419, 10846, 60001, 51810, 51811, 10852, 10860, 10863, 10865, 10866, 10867, 10868, 10869, 10871, 10872, 51833, 10874, 51834, 10876, 10878, 10879, 27283, 43669, 35482, 51878, 51879, 31479, 51886, 31480, 51893, 51895, 51896, 51899, 51910, 19145, 27338, 51915, 43726, 43727, 27342, 43729, 10962, 43731, 27365, 43753, 27369, 43758, 27383, 27392, 11010, 27400, 27402, 19216, 19217, 19218, 19219, 43796, 19220, 51984, 19222, 19221, 27423, 52000, 52003, 19237, 52005, 43819, 19243, 19244, 35649, 35650, 35653, 60248, 60250, 60251, 19292, 60252, 19294, 60253, 11104, 60254, 60255, 60256, 60257, 19302, 11115, 52077, 52080, 52081, 52083, 52084, 11131, 11136, 43909, 11146, 11147, 52106, 52108, 35727, 35728, 11152, 11153, 27539, 27540, 43925, 43927, 60312, 60313, 60314, 60316, 43933, 43934, 52126, 60320, 27554, 27555, 60324, 27557, 27558, 35751, 35752, 35753, 60327, 60326, 60329, 43949, 52141, 35759, 60330, 60331, 60333, 60334, 60335, 60336, 52150, 11191, 60337, 60338, 52154, 52157, 52160, 52161, 52162, 52163, 52164, 52166, 52168, 52169, 52170, 52171, 60363, 60364, 60365, 60367, 60369, 60370, 60371, 60372, 60373, 60374, 60375, 60376, 19430, 11240, 52200, 52208, 52209, 52212, 52213, 52214, 52215, 52217, 52227, 35848, 35849, 19481, 19482, 52252, 52255, 52256, 60450, 60451, 52260, 35877, 44069, 19493, 60452, 44073, 60453, 35883, 19499, 52267, 60454, 60455, 60456, 44085, 44086, 11322, 28302, 44093, 44094, 27709, 35904, 35907, 35908, 52294, 52297, 44109, 28306, 52305, 52307, 52314, 35933, 35934, 52318, 60518, 60519, 35944, 35945, 35946, 44139, 44140, 52332, 52333, 44144, 52338, 52339, 60538, 52347, 60540, 52350, 52351, 52352, 60542, 52355, 52358, 52359, 52360, 19593, 19594, 52361, 52362, 52365, 52367, 52370, 52372, 52373, 60570, 52379, 60571, 52381, 52382, 52383, 52384, 52388, 52392, 44201, 52394, 60589, 60590, 60591, 60592, 60593, 60594, 60595, 60596, 60597, 60598, 60599, 60600, 60601, 60602, 60603, 60604, 52413, 52414, 52419, 52428, 11505, 44276, 19701, 36086, 52478, 36095, 60673, 60674, 36099, 60675, 60676, 44294, 52487, 44296, 60677, 11530, 44299, 56023, 27910, 60679, 60680, 44304, 60681, 60688, 60695, 36121, 36128, 36129, 44321, 36130, 60704, 60706, 60707, 27941, 60912, 28349, 52529, 52530, 44340, 36151, 36152, 36155, 36162, 27977, 60754, 60755, 60756, 60757, 11607, 36184, 36185, 36186, 11612, 36189, 60770, 60772, 11622, 11623, 11626, 60789, 60790, 60791, 11640, 60792, 28032, 28035, 44420, 44422, 28040, 28041, 60811, 19861, 44448, 19872, 60832, 60833, 60834, 60835, 60836, 44455, 60838, 60840, 11699, 19893, 60854, 19895, 19896, 36281, 19897, 19899, 19900, 28090, 28094, 28091, 28095, 28097, 28098, 60872, 60873, 60877, 44504, 60949, 60950, 11745, 52709, 52710, 36327, 52711, 52712, 52713, 52714, 52715, 52716, 52717, 52718, 52719, 52721, 60911, 52723, 52724, 52725, 52726, 52727, 52728, 11769, 60913, 11771, 52731, 11773, 11774, 11775, 52734, 11777, 52735, 52736, 52738, 36357, 52739, 52740, 52741, 52744, 52745, 60957, 52748, 52749, 60942, 52751, 60943, 60944, 52754, 28179, 52755, 52756, 52757, 52758, 60945, 52761, 60946, 52763, 60947, 60948, 19998, 52766, 60951, 60952, 28188, 28189, 60958, 52773, 52774, 20006, 60959, 52777, 44587, 52781, 52782, 52783, 52784, 20015, 44604, 60991, 60992, 60993, 60994, 60995, 60996, 60997, 60998, 60999, 61000, 61001, 61002, 61003, 61004, 61005, 52815, 52820, 44629, 44630, 44636, 44637, 52832, 52833, 52834, 61025, 52836, 52837, 52838, 52843, 52845, 52846, 44656, 61041, 52850, 61042, 61043, 36471, 36472, 52855, 52858, 52857, 11900, 52859, 52862, 52861, 52863, 52865, 52864, 52867, 52868, 11909, 20101, 52870, 52871, 52872, 11914, 11915, 11918, 52878, 28304, 11920, 11921, 11922, 11924, 36501, 11923, 52879, 36504, 36505, 36506, 44699, 44700, 20118, 20117, 36514, 44707, 36517, 36518, 36519, 28328, 36523, 61099, 52911, 52912, 52915, 52921, 52922, 11965, 11966, 11967, 11968, 44736, 44738, 52927, 52928, 52931, 52932, 28353, 28354, 52940, 52943, 52945, 52948, 52949, 20181, 20184, 61155, 61156, 61157, 61158, 12007, 12008, 61159, 61160, 61161, 61162, 61163, 52974, 36593, 36597, 20213, 52982, 20215, 52986, 52989, 36606, 52990, 36611, 52999, 12042, 53002, 53003, 53004, 53005, 61194, 53014, 61210, 12069, 12076, 44847, 20275, 20286, 36672, 53059, 53060, 36677, 36678, 53064, 53066, 53067, 3918, 3919, 3920, 61268, 61270, 36696, 61272, 61273, 61276, 61277, 61279, 12128, 61280, 61283, 61284, 61285, 61287, 61291, 61293, 61294, 61295, 61296, 61311, 61312, 61313, 44930, 44931, 61314, 44933, 12166, 12167, 12168, 61316, 12171, 44940, 28558, 12175, 12176, 36754, 36755, 12180, 12181, 44949, 53140, 28563, 44953, 12185, 12186, 12187, 12188, 12189, 12190, 12191, 44958, 44957, 44963, 44960, 44964, 44965, 44966, 61349, 44973, 61358, 44975, 44976, 12209, 61359, 53169, 53171, 53173, 44982, 53175, 44984, 53174, 12221, 44993, 44995, 45000, 53192, 45002, 36812, 36813, 45004, 45007, 45008, 20428, 12247, 61409, 61410, 61413, 28649, 61418, 28651, 36850, 12279, 12284, 36861, 61441, 12291, 61444, 61445, 61446, 61448, 61449, 61450, 61451, 61452, 28684, 61454, 61453, 12304, 28688, 61455, 61459, 28692, 36885, 61461, 61463, 12312, 61465, 62692, 26872, 45097, 61481, 61484, 61485, 61490, 28727, 28728, 20537, 28730, 61498, 45116, 61501, 20541, 61500, 20544, 53313, 53312, 20547, 61499, 53317, 20549, 20551, 20552, 53318, 20550, 61506, 61507, 61508, 61509, 61512, 61513, 61514, 61515, 36950, 53335, 53336, 28764, 61548, 61550, 61551, 61555, 61557, 61558, 61559, 12411, 45189, 45193, 45197, 61581, 45199, 45200, 45201, 61582, 61584, 61585, 61586, 61587, 61588, 61589, 61590, 61591, 61592, 61593, 61610, 61611, 61612, 61613, 61614, 61615, 61616, 61617, 45234, 61618, 61619, 61620, 61622, 61623, 61624, 61625, 61626, 61627, 37052, 61621, 37060, 37061, 37062, 37063, 20684, 37069, 20685, 61658, 37090, 37091, 37099, 53485, 53486, 20727, 20728, 12537, 12538, 20729, 12549, 12550, 45342, 45347, 53553, 53554, 53555, 53556, 53557, 12600, 12602, 28987, 28988, 28989, 53564, 28990, 53568, 53569, 28991, 53571, 45382, 45383, 45384, 53577, 61772, 53587, 45396, 53588, 61782, 61783, 61784, 61785, 61786, 61787, 61788, 61789, 61790, 61792, 29025, 61794, 61797, 61798, 61800, 61801, 61802, 61804, 61805, 29037, 29038, 29039, 37233, 61809, 29040, 29041, 45429, 61807, 61810, 61812, 61813, 37242, 61818, 61819, 61820, 61821, 45439, 61822, 61823, 61824, 61825, 61827, 61828, 61829, 61830, 61831, 61832, 61833, 61834, 37261, 45463, 20888, 53659, 53660, 53661, 61854, 53662, 61852, 61853, 61855, 45475, 53668, 45477, 53669, 37287, 61856, 61857, 53674, 53675, 61859, 61860, 61869, 61870, 61871, 61872, 61874, 61875, 61876, 61873, 12727, 61879, 61880, 45498, 61882, 45500, 61883, 61885, 61886, 61888, 61889, 45513, 20938, 20941, 20945, 20947, 45524, 45541, 29157, 29159, 45544, 61930, 61931, 61932, 61933, 61934, 61935, 61936, 61937, 61938, 61939, 37364, 61940, 37366, 61941, 37368, 37369, 61942, 37372, 37373, 61949, 61948, 61951, 61952, 61954, 61953, 37389, 37399, 37408, 29218, 29222, 4650, 37421, 29242, 53833, 53834, 53835, 53836, 53837, 53838, 21072, 53841, 53842, 21075, 53844, 53840, 53846, 53847, 21080, 29273, 29274, 29275, 21083, 21085, 21092, 62056, 62057, 53866, 53867, 53868, 62058, 62059, 62060, 53872, 62061, 62063, 62064, 21108, 62065, 62066, 29299, 62068, 21113, 62069, 62070, 29303, 62072, 62071, 53887, 62075, 53889, 62076, 62077, 62078, 62079, 29312, 62081, 62082, 62080, 29318, 37516, 29325, 53906, 53908, 29334, 53913, 29337, 62107, 21147, 62109, 21149, 62111, 53915, 62113, 62114, 53920, 53917, 62108, 62112, 62110, 62118, 62119, 12970, 62120, 62121, 62123, 62124, 62125, 62126, 62122, 62129, 62130, 62131, 62132, 62133, 53943, 53944, 53945, 62134, 29367, 29368, 29371, 29372, 62142, 62146, 62147, 53956, 62150, 62151, 62152, 62153, 62154, 62155, 62156, 62157, 62159, 21200, 62160, 53970, 29393, 62165, 29399, 62168, 62169, 21210, 29409, 53987, 62180, 62181, 62182, 62185, 62186, 62187, 62188, 29421, 62191, 62199, 62200, 62201, 29434, 62204, 62205, 62208, 62209, 62211, 21252, 62212, 21254, 21255, 21256, 62214, 62215, 29448, 29449, 29450, 62217, 62224, 62225, 62226, 62227, 29460, 62229, 62230, 62231, 37656, 62232, 62228, 62235, 37664, 13092, 37671, 37674, 37675, 13099, 37677, 54062, 54063, 54060, 13105, 37682, 54065, 54067, 54068, 54069, 54070, 37688, 37689, 37690, 37691, 54073, 37693, 54074, 54077, 37696, 29497, 62269, 29503, 29516, 54093, 45906, 21345, 21348, 62320, 56351, 45953, 54147, 21379, 54149, 21382, 54151, 54148, 54152, 54153, 54155, 54156, 54157, 37775, 54159, 54160, 37778, 37779, 45970, 54161, 54164, 54165, 56356, 37785, 37786, 37791, 37795, 54185, 54186, 13232, 54192, 54193, 54194, 54195, 54197, 54199, 54200, 54201, 54202, 54203, 54204, 54205, 54206, 54207, 54208, 54209, 54210, 54211, 29628, 54216, 54217, 54219, 54220, 54221, 54222, 54223, 54224, 54225, 54229, 54230, 54233, 62434, 62435, 54259, 54260, 54261, 54262, 54263, 54264, 21498, 21499, 54268, 21500, 54275, 62467, 54277, 54278, 62468, 62469, 37897, 62470, 62478, 62479, 54291, 54297, 62491, 62492, 29725, 29726, 29727, 46117, 37941, 37945, 29773, 21583, 29775, 21588, 21593, 13403, 13404, 13411, 54378, 13428, 13429, 54388, 54389, 54390, 54391, 54392, 29820, 54399, 46210, 46212, 46213, 46214, 13461, 13463, 29847, 13465, 46234, 13467, 13466, 13469, 13470, 13471, 13472, 13474, 13475, 13476, 13477, 54448, 54449, 54450, 54451, 54452, 54453, 54454, 54455, 54457, 46267, 54459, 46273, 54466, 54467, 46276, 54470, 21702, 21703, 21708, 21709, 46286, 46287, 21710, 54478, 38098, 13523, 54482, 54484, 21718, 21722, 13533, 13537, 13538, 13539, 13540, 13541, 13542, 13543, 13544, 54498, 13546, 13547, 13548, 13549, 13550, 21735, 29931, 38129, 13553, 13554, 13556, 13557, 13558, 13559, 13555, 13561, 29946, 13563, 13564, 13565, 13567, 13579, 13580, 13581, 13582, 46352, 46353, 46354, 46355, 62740, 62741, 46361, 46362, 29977, 46366, 46371, 21796, 46373, 21797, 46375, 21798, 46387, 13620, 21814, 30010, 46397, 30021, 30022, 30024, 30025, 30035, 62807, 62808, 62809, 62810, 62816, 21878, 13689, 21881, 13691, 21882, 38297, 38311, 38312, 38314, 13740, 38318, 38319, 13743, 30150, 30156, 46553, 13786, 46554, 62942, 21990, 30184, 13804, 13808, 38391, 13833, 22029, 54808, 54811, 54812, 54814, 54815, 54817, 54818, 54822, 54824, 13868, 54828, 54830, 54831, 38448, 54867, 54869, 54871, 54872, 22105, 54874, 46683, 22107, 22108, 30295, 22112, 46691, 46693, 13926, 13927, 22122, 22125, 46703, 63087, 63088, 54898, 54899, 54900, 54901, 54902, 54903, 54904, 54905, 54906, 54907, 54908, 54909, 54910, 63094, 63095, 63096, 63097, 63098, 63099, 63100, 63101, 5772, 5773, 54930, 54931, 54932, 54933, 54934, 54935, 46749, 59767, 22178, 30370, 59768, 22181, 22184, 54953, 54954, 59769, 54956, 54957, 59770, 54959, 54973, 30397, 30401, 30402, 63172, 30406, 63186, 63188, 63189, 63197, 63198, 63199, 63200, 63201, 63202, 63203, 63204, 46821, 63205, 63206, 63207, 63208, 63209, 55019, 55021, 55022, 55023, 55024, 55026, 55027, 55028, 55029, 55031, 55032, 55033, 38651, 55035, 55036, 55037, 55038, 55039, 55040, 55045, 22279, 55047, 63239, 14090, 55051, 63244, 23970, 59791, 63256, 63257, 23971, 55073, 55074, 55075, 55076, 55078, 55083, 55084, 55086, 62106, 55092, 55095, 23977, 46908, 46911, 23978, 59800, 55110, 55111, 46921, 55114, 55115, 55116, 55132, 55137, 55147, 55148, 55149, 55151, 55152, 23990, 55167, 30597, 55175, 55179, 55181, 30622, 55201, 55203, 14258, 55219, 14261, 22458, 55228, 55231, 14272, 55235, 55237, 55243, 22478, 22479, 55246, 22482, 55250, 30674, 55253, 22486, 55256, 22489, 22491, 55264, 55266, 55268, 22501, 22502, 55270, 63089, 55274, 55279, 63091, 55284, 55286, 63092, 55292, 63093, 55295, 55297, 55299, 55303, 55304, 38921, 38922, 6157, 6158, 55309, 55310, 55312, 55314, 55315, 55316, 55317, 30737, 55319, 55322, 55323, 55324, 55325, 55326, 55327, 55334, 55351, 55353, 55356, 55363, 30800, 55378, 14430, 39008, 30816, 39010, 30823, 55403, 55405, 55420, 55432, 55434, 55435, 55448, 55452, 61497, 39085, 55477, 55480, 55481, 61502, 14523, 30908, 61503, 14526, 55487, 55488, 30909, 61504, 55493, 55494, 30919, 61505, 30921, 55504, 55520, 55521, 55523, 55527, 55528, 55529, 55530, 55532, 55533, 55535, 14577, 14578, 14579, 55545, 39165, 6400, 55571, 39193, 31028, 22838, 22839, 22841, 22844, 55613, 55615, 22848, 55622, 22863, 55634, 39253, 14677, 55637, 55638, 55639, 55642, 55640, 55643, 55644, 55646, 55645, 55649, 55650, 55651, 39269, 39275, 55660, 55662, 39281, 22906, 22907, 14718, 55683, 55684, 55685, 55687, 55688, 55689, 55690, 55691, 55692, 55693, 39311, 39312, 55695, 55697, 55696, 39318, 14745, 22941, 22945, 22948, 22949, 22951, 47528, 47529, 47531, 22955, 22957, 55729, 55730, 47540, 55732, 55741, 55742, 55744, 55745, 22980, 55749, 55750, 47575, 32251, 47579, 47582, 47584, 55777, 47586, 47587, 31205, 47593, 47594, 47595, 47596, 55787, 47598, 31210, 31211, 31216, 47603, 31222, 47623, 55820, 14865, 55828, 39446, 55832, 39450, 55841, 55842, 55850, 55851, 55854, 55855, 55858, 47667, 47668, 47671, 47673, 47674, 55867, 47678, 55871, 23108, 14922, 47692, 23117, 31314, 55904, 31330, 55919, 55922, 55923, 55925, 55929, 55930, 55934, 55935, 55936, 55945, 47765, 47766, 47768, 47769, 47781, 47782, 47783, 47784, 47785, 55973, 55976, 47788, 55981, 55982, 55983, 31402, 55985, 31405, 31408, 31409, 55989, 31410, 31411, 55992, 55993, 55994, 55995, 47804, 47805, 55997, 55999, 56001, 47810, 56003, 56004, 56005, 56006, 56007, 47819, 47821, 47822, 47823, 47824, 56015, 47826, 47827, 56020, 56016, 56017, 23251, 56019, 56021, 23254, 56022, 23256, 56025, 23258, 56024, 56028, 23261, 31455, 56035, 56036, 56038, 47850, 47852, 47853, 56047, 56048, 56049, 56050, 56051, 56052, 47861, 56054, 56053, 56056, 47865, 31476, 47867, 47868, 47869, 47870, 23295, 23296, 23297, 31485, 31486, 23300, 23301, 47878, 23303, 56070, 23302, 56069, 23305, 47884, 23306, 56075, 23308, 23307, 56078, 56077, 56082, 56084, 56085, 56083, 23319, 56087, 56088, 39706, 56091, 56092, 39709, 56090, 47903, 56094, 56097, 56098, 56739, 31516, 56102, 56741, 23340, 56110, 56111, 56112, 31537, 56116, 56117, 56744, 56122, 56126, 56128, 56746, 56130, 23364, 56133, 23366, 56132, 23368, 56135, 15179, 39756, 15180, 23372, 23373, 23374, 23376, 23377, 31574, 31575, 56157, 56752, 56159, 56755, 47984, 31600, 39802, 31616, 56193, 56194, 39811, 56196, 56197, 48006, 48007, 48008, 48009, 48010, 56203, 48014, 48016, 15256, 56218, 56219, 23455, 56223, 48033, 15269, 48037, 48039, 56233, 15274, 56235, 56236, 48045, 56237, 39855, 39856, 56240, 39858, 56246, 48058, 48059, 48060, 48062, 56254, 48066, 48067, 56258, 56261, 56273, 56275, 23508, 23510, 39895, 56279, 56282, 48091, 56283, 56284, 23518, 23519, 39906, 23522, 56292, 56294, 56295, 31718, 56297, 39914, 39915, 39916, 39917, 39918, 39919, 39920, 39921, 15338, 23539, 48116, 31724, 56311, 48121, 56315, 56322, 23555, 56324, 56325, 56327, 56328, 56329, 56330, 56331, 56332, 56333, 56334, 48143, 39952, 48144, 48146, 48147, 48148, 56335, 48150, 56336, 56337, 48153, 56338, 56339, 48156, 56340, 56341, 56343, 56344, 56345, 56354, 56346, 56347, 56348, 56349, 56352, 56355, 56357, 56358, 56359, 56360, 56361, 48174, 56362, 48176, 39985, 48177, 48178, 48179, 56364, 56366, 56372, 56377, 56378, 56380, 15423, 15424, 40011, 31823, 23632, 23636, 56404, 56407, 40026, 23643, 15452, 40037, 23656, 56427, 56428, 56429, 56430, 23662, 56432, 56433, 56439, 56440, 56441, 40060, 56444, 56445, 56447, 40086, 7318, 48283, 48284, 48288, 48292, 48293, 48296, 48302, 56498, 56500, 56501, 56502, 31930, 23743, 40137, 40146, 40147, 40148, 40149, 48345, 48347, 48349, 23775, 48352, 23782, 23783, 23784, 23788, 23791, 23794, 23795, 56571, 40188, 40189, 31995, 40191, 56594, 56595, 56596, 56598, 56599, 48414, 48416, 48417, 15657, 56627, 56628, 32051, 56630, 56631, 56632, 48445, 32424, 48456, 48457, 48458, 48459, 48460, 48461, 48462, 56651, 40286, 40287, 40298, 40308, 40311, 40312, 40313, 23930, 23931, 23932, 40317, 23933, 23934, 23936, 23935, 23937, 23938, 23940, 23939, 23941, 40327, 23942, 23945, 40330, 40331, 23946, 40335, 40336, 23951, 40338, 23954, 23952, 23953, 40342, 15767, 23958, 23961, 23955, 23956, 23964, 23957, 23959, 23962, 23968, 23960, 56738, 23963, 23966, 23973, 56742, 56743, 23969, 48553, 48554, 23979, 56747, 48557, 48558, 56748, 23975, 23985, 15794, 23986, 23987, 23981, 56749, 23983, 23984, 56753, 56754, 23988, 23989, 23991, 48574, 23992, 48576, 23994, 23995, 23996, 23997, 56767, 24000, 24001, 24003, 24004, 24005, 24006, 24007, 58504, 40400, 56784, 40402, 56785, 56786, 56790, 48599, 56794, 56796, 58507, 58508, 56804, 58509, 56807, 56808, 56809, 56810, 56813, 56814, 56816, 56817, 56821, 58512, 56826, 56827, 56828, 56829, 58513, 56831, 56832, 56833, 56834, 56835, 56836, 56837, 56838, 58514, 56841, 56842, 56843, 56844, 56845, 56846, 56847, 56848, 58516, 56851, 56852, 56853, 58518, 56855, 56856, 58519, 56860, 56861, 58520, 56865, 58521, 32304, 48707, 32343, 32344, 32345, 15976, 32363, 56954, 56955, 56956, 24187, 56959, 40591, 7824, 40604, 40605, 56990, 56992, 48802, 40611, 40612, 40613, 40614, 40615, 48804, 56999, 40618, 57000, 57001, 57002, 57004, 57006, 40624, 57007, 57008, 57009, 57010, 57011, 57013, 57014, 40632, 48824, 57017, 61806, 61808, 40641, 40643, 48838, 48839, 48840, 48841, 48844, 57037, 48846, 57038, 48850, 24299, 57104, 57108, 48919, 48920, 48925, 48926, 57131, 57133, 48942, 57134, 48944, 48945, 48946, 48947, 48948, 48949, 48950, 48951, 48952, 48953, 48954, 57138, 57139, 57140, 48958, 48959, 57143, 48961, 40770, 48962, 24379, 40773, 57154, 24388, 57167, 57168, 57169, 57171, 57172, 57173, 57174, 57176, 57177, 40794, 57178, 57179, 57180, 57181, 57182, 57184, 57185, 57186, 57189, 57193, 57194, 57203, 57204, 57205, 57208, 49018, 49019, 49020, 40830, 8078, 49044, 49045, 16283, 49051, 49053, 49054, 16291, 57258, 57259, 40876, 57260, 57261, 24492, 57263, 57265, 57266, 57267, 57268, 57270, 57271, 57272, 49081, 57273, 57275, 57276, 57277, 57278, 57279, 57280, 61858, 57292, 57293, 49104, 57297, 49106, 57298, 57299, 40917, 57300, 57302, 49115, 8158, 57310, 57311, 57312, 57314, 57315, 49126, 49127, 49130, 49131, 49132, 49133, 49134, 49135, 49136, 16377, 32564]
2026-01-24 21:38:56,777 - utils.performance_filter - INFO - repair_referential_integrity:738 - Referential integrity repair completed successfully: 1 repairs applied
2026-01-24 21:38:57,038 - performance - INFO - log_filtering_stats:476 - Significant performance improvement: filtered 23623 items (20.9%)
2026-01-24 21:38:57,298 - utils.performance_filter - INFO - log_filtering_stats:479 - Filtering stats - Items: 23623 filtered, Reduction: 20.9%, Time: 781.5ms
2026-01-24 21:38:57,299 - utils.performance_filter - INFO - filter_inactive_items:350 - Filtering completed: 23623 inactive items removed (20.8% reduction)
2026-01-24 21:38:57,340 - performance - INFO - log_filtering_stats:476 - Significant performance improvement: filtered 23623 items (20.9%)
2026-01-24 21:38:57,340 - utils.performance_filter - INFO - log_filtering_stats:479 - Filtering stats - Items: 23623 filtered, Reduction: 20.9%, Time: 1347.0ms
2026-01-24 21:38:57,344 - utils.performance_filter - INFO - filter_inactive_items:350 - Filtering completed: 23623 inactive items removed (20.8% reduction)
2026-01-24 21:38:57,356 - utils.alert_service - INFO - generate_inventory_alerts:305 - Performance filter applied: filtered 23623 inactive items (20.9% reduction)
2026-01-24 21:38:57,400 - utils.alert_service - WARNING - generate_inventory_alerts:352 - Negative stock for product 44325: -1, converting to 0
2026-01-24 21:38:57,403 - utils.alert_service - WARNING - generate_inventory_alerts:352 - Negative stock for product 46289: -1, converting to 0
2026-01-24 21:38:57,405 - utils.alert_service - WARNING - generate_inventory_alerts:352 - Negative stock for product 51228: -1, converting to 0
2026-01-24 21:38:57,451 - utils.alert_service - WARNING - generate_inventory_alerts:352 - Negative stock for product 59107: -1, converting to 0
2026-01-24 21:38:57,453 - utils.alert_service - WARNING - generate_inventory_alerts:352 - Negative stock for product 19105: -2, converting to 0
2026-01-24 21:38:57,467 - utils.alert_service - WARNING - generate_inventory_alerts:352 - Negative stock for product 5776: -1, converting to 0
2026-01-24 21:38:57,472 - utils.alert_service - WARNING - generate_inventory_alerts:352 - Negative stock for product 42350: -1, converting to 0
2026-01-24 21:38:57,479 - utils.alert_service - WARNING - generate_inventory_alerts:352 - Negative stock for product 53257: -1, converting to 0
2026-01-24 21:38:57,499 - utils.alert_service - WARNING - generate_inventory_alerts:352 - Negative stock for product 3882: -2, converting to 0
2026-01-24 21:38:57,502 - utils.alert_service - WARNING - generate_inventory_alerts:352 - Negative stock for product 32207: -19, converting to 0
2026-01-24 21:38:57,504 - utils.alert_service - WARNING - generate_inventory_alerts:352 - Negative stock for product 32210: -3, converting to 0
2026-01-24 21:38:57,505 - utils.alert_service - WARNING - generate_inventory_alerts:352 - Negative stock for product 32211: -10, converting to 0
2026-01-24 21:38:57,505 - utils.alert_service - WARNING - generate_inventory_alerts:352 - Negative stock for product 32212: -1, converting to 0
2026-01-24 21:38:57,506 - utils.alert_service - WARNING - generate_inventory_alerts:352 - Negative stock for product 35201: -4, converting to 0
2026-01-24 21:38:57,506 - utils.alert_service - WARNING - generate_inventory_alerts:352 - Negative stock for product 41333: -5, converting to 0
2026-01-24 21:38:57,509 - utils.alert_service - WARNING - generate_inventory_alerts:352 - Negative stock for product 51393: -5, converting to 0
2026-01-24 21:38:57,521 - utils.alert_service - WARNING - generate_inventory_alerts:352 - Negative stock for product 58854: -8, converting to 0
2026-01-24 21:38:57,549 - utils.alert_service - WARNING - generate_inventory_alerts:352 - Negative stock for product 37596: -1, converting to 0
2026-01-24 21:38:57,556 - utils.alert_service - WARNING - generate_inventory_alerts:352 - Negative stock for product 51201: -2, converting to 0
2026-01-24 21:38:57,573 - utils.alert_service - WARNING - generate_inventory_alerts:352 - Negative stock for product 29662: -1, converting to 0
2026-01-24 21:38:57,574 - utils.alert_service - WARNING - generate_inventory_alerts:352 - Negative stock for product 29762: -62, converting to 0
2026-01-24 21:38:57,575 - utils.alert_service - WARNING - generate_inventory_alerts:352 - Negative stock for product 40472: -13, converting to 0
2026-01-24 21:38:57,624 - utils.alert_service - WARNING - generate_inventory_alerts:352 - Negative stock for product 59269: -1, converting to 0
2026-01-24 21:38:57,652 - utils.alert_service - WARNING - generate_inventory_alerts:352 - Negative stock for product 55737: -1, converting to 0
2026-01-24 21:38:57,673 - utils.alert_service - WARNING - generate_inventory_alerts:352 - Negative stock for product 3571: -1, converting to 0
2026-01-24 21:38:57,755 - utils.alert_service - WARNING - generate_inventory_alerts:352 - Negative stock for product 32537: -1, converting to 0
2026-01-24 21:38:57,759 - utils.alert_service - WARNING - generate_inventory_alerts:352 - Negative stock for product 49600: -1, converting to 0
2026-01-24 21:38:57,792 - utils.alert_service - WARNING - generate_inventory_alerts:352 - Negative stock for product 46824: -1, converting to 0
2026-01-24 21:38:57,801 - utils.alert_service - WARNING - generate_inventory_alerts:352 - Negative stock for product 44645: -1, converting to 0
2026-01-24 21:38:57,802 - utils.alert_service - WARNING - generate_inventory_alerts:352 - Negative stock for product 44840: -1, converting to 0
2026-01-24 21:38:57,803 - utils.alert_service - WARNING - generate_inventory_alerts:352 - Negative stock for product 45862: -2, converting to 0
2026-01-24 21:38:57,805 - utils.alert_service - WARNING - generate_inventory_alerts:352 - Negative stock for product 45864: -1, converting to 0
2026-01-24 21:38:57,808 - utils.alert_service - WARNING - generate_inventory_alerts:352 - Negative stock for product 50600: -7, converting to 0
2026-01-24 21:38:57,810 - utils.alert_service - WARNING - generate_inventory_alerts:352 - Negative stock for product 51847: -1, converting to 0
2026-01-24 21:38:57,810 - utils.alert_service - WARNING - generate_inventory_alerts:352 - Negative stock for product 51848: -1, converting to 0
2026-01-24 21:38:57,811 - utils.alert_service - WARNING - generate_inventory_alerts:352 - Negative stock for product 52063: -1, converting to 0
2026-01-24 21:38:57,812 - utils.alert_service - WARNING - generate_inventory_alerts:352 - Negative stock for product 52564: -1, converting to 0
2026-01-24 21:38:57,813 - utils.alert_service - WARNING - generate_inventory_alerts:352 - Negative stock for product 54006: -1, converting to 0
2026-01-24 21:38:57,813 - utils.alert_service - WARNING - generate_inventory_alerts:352 - Negative stock for product 54179: -7, converting to 0
2026-01-24 21:38:57,814 - utils.alert_service - WARNING - generate_inventory_alerts:352 - Negative stock for product 54180: -1, converting to 0
2026-01-24 21:38:57,814 - utils.alert_service - WARNING - generate_inventory_alerts:352 - Negative stock for product 54312: -2, converting to 0
2026-01-24 21:38:57,815 - utils.alert_service - WARNING - generate_inventory_alerts:352 - Negative stock for product 54438: -1, converting to 0
2026-01-24 21:38:57,816 - utils.alert_service - WARNING - generate_inventory_alerts:352 - Negative stock for product 54443: -9, converting to 0
2026-01-24 21:38:57,821 - utils.alert_service - WARNING - generate_inventory_alerts:352 - Negative stock for product 59229: -1, converting to 0
2026-01-24 21:38:57,821 - utils.alert_service - WARNING - generate_inventory_alerts:352 - Negative stock for product 59230: -1, converting to 0
2026-01-24 21:38:57,824 - utils.alert_service - WARNING - generate_inventory_alerts:352 - Negative stock for product 59521: -1, converting to 0
2026-01-24 21:38:57,825 - utils.alert_service - WARNING - generate_inventory_alerts:352 - Negative stock for product 59688: -1, converting to 0
2026-01-24 21:38:57,825 - utils.alert_service - WARNING - generate_inventory_alerts:352 - Negative stock for product 59752: -1, converting to 0
2026-01-24 21:38:57,826 - utils.alert_service - WARNING - generate_inventory_alerts:352 - Negative stock for product 59755: -1, converting to 0
2026-01-24 21:38:57,827 - utils.alert_service - WARNING - generate_inventory_alerts:352 - Negative stock for product 60473: -1, converting to 0
2026-01-24 21:38:57,830 - utils.alert_service - WARNING - generate_inventory_alerts:352 - Negative stock for product 1319: -1, converting to 0
2026-01-24 21:38:57,835 - utils.alert_service - WARNING - generate_inventory_alerts:352 - Negative stock for product 21244: -2, converting to 0
2026-01-24 21:38:57,836 - utils.alert_service - WARNING - generate_inventory_alerts:352 - Negative stock for product 22075: -1, converting to 0
2026-01-24 21:38:57,837 - utils.alert_service - WARNING - generate_inventory_alerts:352 - Negative stock for product 23886: -24, converting to 0
2026-01-24 21:38:57,840 - utils.alert_service - WARNING - generate_inventory_alerts:352 - Negative stock for product 38525: -1, converting to 0
2026-01-24 21:38:57,842 - utils.alert_service - WARNING - generate_inventory_alerts:352 - Negative stock for product 48086: -1, converting to 0
2026-01-24 21:38:57,843 - utils.alert_service - WARNING - generate_inventory_alerts:352 - Negative stock for product 49418: -2, converting to 0
2026-01-24 21:38:57,844 - utils.alert_service - WARNING - generate_inventory_alerts:352 - Negative stock for product 49640: -1, converting to 0
2026-01-24 21:38:57,846 - utils.alert_service - WARNING - generate_inventory_alerts:352 - Negative stock for product 51297: -5, converting to 0
2026-01-24 21:38:57,849 - utils.alert_service - WARNING - generate_inventory_alerts:352 - Negative stock for product 56622: -11, converting to 0
2026-01-24 21:38:57,850 - utils.alert_service - WARNING - generate_inventory_alerts:352 - Negative stock for product 56623: -2, converting to 0
2026-01-24 21:38:57,860 - utils.alert_service - WARNING - generate_inventory_alerts:352 - Negative stock for product 6786: -4, converting to 0
2026-01-24 21:38:57,861 - utils.alert_service - WARNING - generate_inventory_alerts:352 - Negative stock for product 7457: -2, converting to 0
2026-01-24 21:38:57,863 - utils.alert_service - WARNING - generate_inventory_alerts:352 - Negative stock for product 13610: -1, converting to 0
2026-01-24 21:38:57,868 - utils.alert_service - WARNING - generate_inventory_alerts:352 - Negative stock for product 7491: -9, converting to 0
2026-01-24 21:38:57,869 - utils.alert_service - WARNING - generate_inventory_alerts:352 - Negative stock for product 7832: -1, converting to 0
2026-01-24 21:38:57,871 - utils.alert_service - WARNING - generate_inventory_alerts:352 - Negative stock for product 8195: -1, converting to 0
2026-01-24 21:38:57,872 - utils.alert_service - WARNING - generate_inventory_alerts:352 - Negative stock for product 9461: -31, converting to 0
2026-01-24 21:38:57,872 - utils.alert_service - WARNING - generate_inventory_alerts:352 - Negative stock for product 10978: -4, converting to 0
2026-01-24 21:38:57,875 - utils.alert_service - WARNING - generate_inventory_alerts:352 - Negative stock for product 42472: -1, converting to 0
2026-01-24 21:38:57,904 - utils.alert_service - WARNING - generate_inventory_alerts:352 - Negative stock for product 62731: -2, converting to 0
2026-01-24 21:38:57,955 - werkzeug - INFO - _log:97 - 127.0.0.1 - - [24/Jan/2026 21:38:57] "GET /api/supplier-distribution HTTP/1.1" 200 -
2026-01-24 21:38:57,971 - utils.alert_service - WARNING - generate_inventory_alerts:352 - Negative stock for product 2919: -1, converting to 0
2026-01-24 21:38:57,973 - utils.alert_service - WARNING - generate_inventory_alerts:352 - Negative stock for product 13712: -1, converting to 0
2026-01-24 21:38:57,974 - utils.alert_service - WARNING - generate_inventory_alerts:352 - Negative stock for product 39461: -2, converting to 0
2026-01-24 21:38:57,976 - utils.alert_service - WARNING - generate_inventory_alerts:352 - Negative stock for product 42356: -2, converting to 0
2026-01-24 21:38:57,977 - utils.alert_service - WARNING - generate_inventory_alerts:352 - Negative stock for product 44281: -1, converting to 0
2026-01-24 21:38:57,978 - utils.alert_service - WARNING - generate_inventory_alerts:352 - Negative stock for product 44282: -1, converting to 0
2026-01-24 21:38:57,980 - utils.alert_service - WARNING - generate_inventory_alerts:352 - Negative stock for product 52138: -2, converting to 0
2026-01-24 21:38:57,981 - utils.alert_service - WARNING - generate_inventory_alerts:352 - Negative stock for product 54087: -1, converting to 0
2026-01-24 21:38:57,990 - utils.alert_service - WARNING - generate_inventory_alerts:352 - Negative stock for product 52006: -1, converting to 0
2026-01-24 21:38:57,993 - utils.alert_service - WARNING - generate_inventory_alerts:352 - Negative stock for product 49177: -1, converting to 0
2026-01-24 21:38:58,000 - utils.alert_service - WARNING - generate_inventory_alerts:352 - Negative stock for product 57285: -1, converting to 0
2026-01-24 21:38:58,006 - utils.alert_service - WARNING - generate_inventory_alerts:352 - Negative stock for product 10121: -1, converting to 0
2026-01-24 21:38:58,069 - utils.alert_service - WARNING - generate_inventory_alerts:352 - Negative stock for product 44225: -2, converting to 0
2026-01-24 21:38:58,073 - utils.alert_service - WARNING - generate_inventory_alerts:352 - Negative stock for product 58087: -1, converting to 0
2026-01-24 21:38:58,126 - utils.alert_service - WARNING - generate_inventory_alerts:352 - Negative stock for product 48647: -3, converting to 0
2026-01-24 21:38:58,128 - utils.alert_service - WARNING - generate_inventory_alerts:352 - Negative stock for product 48700: -1, converting to 0
2026-01-24 21:38:58,168 - utils.alert_service - WARNING - generate_inventory_alerts:352 - Negative stock for product 40920: -1, converting to 0
2026-01-24 21:38:58,180 - utils.alert_service - WARNING - generate_inventory_alerts:352 - Negative stock for product 24997: -1, converting to 0
2026-01-24 21:38:58,199 - utils.alert_service - WARNING - generate_inventory_alerts:352 - Negative stock for product 3623: -5, converting to 0
2026-01-24 21:38:58,229 - utils.alert_service - WARNING - generate_inventory_alerts:352 - Negative stock for product 62831: -1, converting to 0
2026-01-24 21:38:58,251 - utils.alert_service - WARNING - generate_inventory_alerts:352 - Negative stock for product 73: -1, converting to 0
2026-01-24 21:38:58,272 - utils.alert_service - WARNING - generate_inventory_alerts:352 - Negative stock for product 49227: -1, converting to 0
2026-01-24 21:38:58,285 - utils.alert_service - WARNING - generate_inventory_alerts:352 - Negative stock for product 5568: -1, converting to 0
2026-01-24 21:38:58,397 - utils.alert_service - WARNING - generate_inventory_alerts:352 - Negative stock for product 16928: -4, converting to 0
2026-01-24 21:38:58,410 - utils.alert_service - WARNING - generate_inventory_alerts:352 - Negative stock for product 53186: -1, converting to 0
2026-01-24 21:38:58,412 - utils.alert_service - WARNING - generate_inventory_alerts:352 - Negative stock for product 57959: -1, converting to 0
2026-01-24 21:38:58,419 - utils.alert_service - WARNING - generate_inventory_alerts:352 - Negative stock for product 13515: -5, converting to 0
2026-01-24 21:38:58,445 - utils.alert_service - WARNING - generate_inventory_alerts:352 - Negative stock for product 45811: -2, converting to 0
2026-01-24 21:38:58,447 - utils.alert_service - WARNING - generate_inventory_alerts:352 - Negative stock for product 52144: -1, converting to 0
2026-01-24 21:38:58,455 - utils.alert_service - WARNING - generate_inventory_alerts:352 - Negative stock for product 3240: -1, converting to 0
2026-01-24 21:38:58,459 - utils.alert_service - WARNING - generate_inventory_alerts:352 - Negative stock for product 39222: -1, converting to 0
2026-01-24 21:38:58,495 - utils.alert_service - WARNING - generate_inventory_alerts:352 - Negative stock for product 42076: -1, converting to 0
2026-01-24 21:38:58,527 - utils.alert_service - WARNING - generate_inventory_alerts:352 - Negative stock for product 1085: -1, converting to 0
2026-01-24 21:38:58,531 - utils.alert_service - WARNING - generate_inventory_alerts:352 - Negative stock for product 3883: -2, converting to 0
2026-01-24 21:38:58,531 - utils.alert_service - WARNING - generate_inventory_alerts:352 - Negative stock for product 3889: -4, converting to 0
2026-01-24 21:38:58,547 - utils.alert_service - WARNING - generate_inventory_alerts:352 - Negative stock for product 61360: -1, converting to 0
2026-01-24 21:38:58,557 - utils.alert_service - WARNING - generate_inventory_alerts:352 - Negative stock for product 13262: -4, converting to 0
2026-01-24 21:38:58,576 - utils.alert_service - WARNING - generate_inventory_alerts:352 - Negative stock for product 42252: -2, converting to 0
2026-01-24 21:38:58,588 - utils.alert_service - WARNING - generate_inventory_alerts:352 - Negative stock for product 58466: -2, converting to 0
2026-01-24 21:38:58,597 - utils.alert_service - WARNING - generate_inventory_alerts:352 - Negative stock for product 59009: -1, converting to 0
2026-01-24 21:38:58,613 - utils.alert_service - WARNING - generate_inventory_alerts:352 - Negative stock for product 2686: -3, converting to 0
2026-01-24 21:38:58,632 - utils.alert_service - WARNING - generate_inventory_alerts:352 - Negative stock for product 10139: -1, converting to 0
2026-01-24 21:38:58,634 - utils.alert_service - WARNING - generate_inventory_alerts:352 - Negative stock for product 36769: -1, converting to 0
2026-01-24 21:38:58,637 - utils.alert_service - WARNING - generate_inventory_alerts:352 - Negative stock for product 51647: -4, converting to 0
2026-01-24 21:38:58,639 - utils.alert_service - WARNING - generate_inventory_alerts:352 - Negative stock for product 55737: -3, converting to 0
2026-01-24 21:38:58,641 - utils.alert_service - WARNING - generate_inventory_alerts:352 - Negative stock for product 3574: -1, converting to 0
2026-01-24 21:38:58,643 - utils.alert_service - WARNING - generate_inventory_alerts:352 - Negative stock for product 54240: -1, converting to 0
2026-01-24 21:38:58,644 - utils.alert_service - WARNING - generate_inventory_alerts:352 - Negative stock for product 60448: -1, converting to 0
2026-01-24 21:38:58,655 - utils.alert_service - WARNING - generate_inventory_alerts:352 - Negative stock for product 4520: -1, converting to 0
2026-01-24 21:38:58,674 - utils.alert_service - WARNING - generate_inventory_alerts:352 - Negative stock for product 35274: -2, converting to 0
2026-01-24 21:38:58,677 - utils.alert_service - WARNING - generate_inventory_alerts:352 - Negative stock for product 16709: -2, converting to 0
2026-01-24 21:38:58,685 - utils.alert_service - WARNING - generate_inventory_alerts:352 - Negative stock for product 4151: -1, converting to 0
2026-01-24 21:38:58,734 - utils.alert_service - WARNING - generate_inventory_alerts:352 - Negative stock for product 43255: -1, converting to 0
2026-01-24 21:38:58,738 - utils.alert_service - WARNING - generate_inventory_alerts:352 - Negative stock for product 45864: -1, converting to 0
2026-01-24 21:38:58,739 - utils.alert_service - WARNING - generate_inventory_alerts:352 - Negative stock for product 47090: -1, converting to 0
2026-01-24 21:38:58,743 - utils.alert_service - WARNING - generate_inventory_alerts:352 - Negative stock for product 50448: -1, converting to 0
2026-01-24 21:38:58,806 - utils.alert_service - WARNING - generate_inventory_alerts:352 - Negative stock for product 54081: -1, converting to 0
2026-01-24 21:38:58,812 - utils.alert_service - WARNING - generate_inventory_alerts:352 - Negative stock for product 59232: -3, converting to 0
2026-01-24 21:38:58,820 - utils.alert_service - WARNING - generate_inventory_alerts:352 - Negative stock for product 62646: -1, converting to 0
2026-01-24 21:38:58,826 - utils.alert_service - WARNING - generate_inventory_alerts:352 - Negative stock for product 31103: -2, converting to 0
2026-01-24 21:38:58,830 - utils.alert_service - WARNING - generate_inventory_alerts:352 - Negative stock for product 46110: -1, converting to 0
2026-01-24 21:38:58,834 - utils.alert_service - WARNING - generate_inventory_alerts:352 - Negative stock for product 55874: -1, converting to 0
2026-01-24 21:38:58,839 - utils.alert_service - WARNING - generate_inventory_alerts:352 - Negative stock for product 59110: -23, converting to 0
2026-01-24 21:38:58,841 - utils.alert_service - WARNING - generate_inventory_alerts:352 - Negative stock for product 60543: -12, converting to 0
2026-01-24 21:38:58,852 - utils.alert_service - WARNING - generate_inventory_alerts:352 - Negative stock for product 52224: -9, converting to 0
2026-01-24 21:38:58,866 - utils.alert_service - WARNING - generate_inventory_alerts:352 - Negative stock for product 54998: -2, converting to 0
2026-01-24 21:38:58,867 - utils.alert_service - WARNING - generate_inventory_alerts:352 - Negative stock for product 56414: -1, converting to 0
2026-01-24 21:38:58,873 - utils.alert_service - WARNING - generate_inventory_alerts:352 - Negative stock for product 61307: -2, converting to 0
2026-01-24 21:38:58,874 - utils.alert_service - WARNING - generate_inventory_alerts:352 - Negative stock for product 61547: -2, converting to 0
2026-01-24 21:38:58,878 - utils.alert_service - WARNING - generate_inventory_alerts:352 - Negative stock for product 6958: -1, converting to 0
2026-01-24 21:38:58,880 - utils.alert_service - WARNING - generate_inventory_alerts:352 - Negative stock for product 16726: -1, converting to 0
2026-01-24 21:38:58,885 - utils.alert_service - WARNING - generate_inventory_alerts:352 - Negative stock for product 56966: -1, converting to 0
2026-01-24 21:38:58,905 - utils.alert_service - WARNING - generate_inventory_alerts:352 - Negative stock for product 52231: -7, converting to 0
2026-01-24 21:38:58,909 - utils.alert_service - WARNING - generate_inventory_alerts:352 - Negative stock for product 8570: -9, converting to 0
2026-01-24 21:38:58,910 - utils.alert_service - WARNING - generate_inventory_alerts:352 - Negative stock for product 8572: -7, converting to 0
2026-01-24 21:38:58,910 - utils.alert_service - WARNING - generate_inventory_alerts:352 - Negative stock for product 8579: -1, converting to 0
2026-01-24 21:38:58,911 - utils.alert_service - WARNING - generate_inventory_alerts:352 - Negative stock for product 10848: -1, converting to 0
2026-01-24 21:38:58,912 - utils.alert_service - WARNING - generate_inventory_alerts:352 - Negative stock for product 16947: -12, converting to 0
2026-01-24 21:38:58,913 - utils.alert_service - WARNING - generate_inventory_alerts:352 - Negative stock for product 17538: -14, converting to 0
2026-01-24 21:38:58,914 - utils.alert_service - WARNING - generate_inventory_alerts:352 - Negative stock for product 47934: -7, converting to 0
2026-01-24 21:38:58,919 - utils.alert_service - WARNING - generate_inventory_alerts:352 - Negative stock for product 8515: -1, converting to 0
2026-01-24 21:38:58,924 - utils.alert_service - WARNING - generate_inventory_alerts:352 - Negative stock for product 52183: -1, converting to 0
2026-01-24 21:38:58,926 - utils.alert_service - WARNING - generate_inventory_alerts:352 - Negative stock for product 23584: -13, converting to 0
2026-01-24 21:38:58,926 - utils.alert_service - WARNING - generate_inventory_alerts:352 - Negative stock for product 26458: -2, converting to 0
2026-01-24 21:38:58,933 - utils.alert_service - WARNING - generate_inventory_alerts:352 - Negative stock for product 61519: -1, converting to 0
2026-01-24 21:38:58,954 - utils.alert_service - WARNING - generate_inventory_alerts:352 - Negative stock for product 10650: -1, converting to 0
2026-01-24 21:38:58,959 - utils.alert_service - WARNING - generate_inventory_alerts:352 - Negative stock for product 44819: -1, converting to 0
2026-01-24 21:38:58,981 - utils.alert_service - WARNING - generate_inventory_alerts:352 - Negative stock for product 8647: -4, converting to 0
2026-01-24 21:38:59,001 - utils.alert_service - WARNING - generate_inventory_alerts:352 - Negative stock for product 60246: -1, converting to 0
2026-01-24 21:38:59,015 - utils.alert_service - WARNING - generate_inventory_alerts:352 - Negative stock for product 42736: -1, converting to 0
2026-01-24 21:38:59,024 - utils.alert_service - WARNING - generate_inventory_alerts:352 - Negative stock for product 48674: -1, converting to 0
2026-01-24 21:38:59,034 - utils.alert_service - WARNING - generate_inventory_alerts:352 - Negative stock for product 36964: -3, converting to 0
2026-01-24 21:38:59,045 - utils.alert_service - WARNING - generate_inventory_alerts:352 - Negative stock for product 50550: -1, converting to 0
2026-01-24 21:38:59,073 - utils.alert_service - WARNING - generate_inventory_alerts:352 - Negative stock for product 19555: -1, converting to 0
2026-01-24 21:38:59,074 - utils.alert_service - WARNING - generate_inventory_alerts:352 - Negative stock for product 21804: -1, converting to 0
2026-01-24 21:38:59,075 - utils.alert_service - WARNING - generate_inventory_alerts:352 - Negative stock for product 27430: -4, converting to 0
2026-01-24 21:38:59,077 - utils.alert_service - WARNING - generate_inventory_alerts:352 - Negative stock for product 44253: -1, converting to 0
2026-01-24 21:38:59,078 - utils.alert_service - WARNING - generate_inventory_alerts:352 - Negative stock for product 46503: -1, converting to 0
2026-01-24 21:38:59,081 - utils.alert_service - WARNING - generate_inventory_alerts:352 - Negative stock for product 56562: -2, converting to 0
2026-01-24 21:38:59,110 - utils.alert_service - WARNING - generate_inventory_alerts:352 - Negative stock for product 59383: -1, converting to 0
2026-01-24 21:38:59,113 - utils.alert_service - WARNING - generate_inventory_alerts:352 - Negative stock for product 33957: -1, converting to 0
2026-01-24 21:38:59,115 - utils.alert_service - WARNING - generate_inventory_alerts:352 - Negative stock for product 34792: -1, converting to 0
2026-01-24 21:38:59,129 - utils.alert_service - WARNING - generate_inventory_alerts:352 - Negative stock for product 25316: -1, converting to 0
2026-01-24 21:38:59,129 - utils.alert_service - WARNING - generate_inventory_alerts:352 - Negative stock for product 56675: -5, converting to 0
2026-01-24 21:38:59,151 - utils.alert_service - WARNING - generate_inventory_alerts:352 - Negative stock for product 3745: -1, converting to 0
2026-01-24 21:38:59,159 - utils.alert_service - WARNING - generate_inventory_alerts:352 - Negative stock for product 54802: -1, converting to 0
2026-01-24 21:38:59,170 - utils.alert_service - WARNING - generate_inventory_alerts:352 - Negative stock for product 3781: -1, converting to 0
2026-01-24 21:38:59,187 - utils.alert_service - WARNING - generate_inventory_alerts:352 - Negative stock for product 46526: -1, converting to 0
2026-01-24 21:38:59,191 - utils.alert_service - WARNING - generate_inventory_alerts:352 - Negative stock for product 54493: -1, converting to 0
2026-01-24 21:38:59,192 - utils.alert_service - WARNING - generate_inventory_alerts:352 - Negative stock for product 60351: -1, converting to 0
2026-01-24 21:38:59,208 - utils.alert_service - WARNING - generate_inventory_alerts:352 - Negative stock for product 60915: -1, converting to 0
2026-01-24 21:38:59,288 - utils.alert_service - WARNING - generate_inventory_alerts:352 - Negative stock for product 61082: -5, converting to 0
2026-01-24 21:38:59,291 - utils.alert_service - WARNING - generate_inventory_alerts:352 - Negative stock for product 28554: -1, converting to 0
2026-01-24 21:38:59,300 - utils.alert_service - WARNING - generate_inventory_alerts:352 - Negative stock for product 47521: -3, converting to 0
2026-01-24 21:38:59,314 - utils.alert_service - WARNING - generate_inventory_alerts:352 - Negative stock for product 31301: -1, converting to 0
2026-01-24 21:38:59,326 - utils.alert_service - WARNING - generate_inventory_alerts:352 - Negative stock for product 24096: -2, converting to 0
2026-01-24 21:38:59,342 - utils.alert_service - WARNING - generate_inventory_alerts:352 - Negative stock for product 38364: -6, converting to 0
2026-01-24 21:38:59,349 - utils.alert_service - WARNING - generate_inventory_alerts:352 - Negative stock for product 9825: -1, converting to 0
2026-01-24 21:38:59,363 - utils.alert_service - WARNING - generate_inventory_alerts:352 - Negative stock for product 57833: -1, converting to 0
2026-01-24 21:38:59,376 - utils.alert_service - WARNING - generate_inventory_alerts:352 - Negative stock for product 1468: -1, converting to 0
2026-01-24 21:38:59,378 - utils.alert_service - WARNING - generate_inventory_alerts:352 - Negative stock for product 41589: -3, converting to 0
2026-01-24 21:38:59,392 - utils.alert_service - WARNING - generate_inventory_alerts:352 - Negative stock for product 1476: -1, converting to 0
2026-01-24 21:38:59,442 - utils.alert_service - WARNING - generate_inventory_alerts:352 - Negative stock for product 31441: -7, converting to 0
2026-01-24 21:38:59,454 - utils.alert_service - WARNING - generate_inventory_alerts:352 - Negative stock for product 57055: -1, converting to 0
2026-01-24 21:38:59,459 - utils.alert_service - WARNING - generate_inventory_alerts:352 - Negative stock for product 780: -48, converting to 0
2026-01-24 21:38:59,463 - utils.alert_service - WARNING - generate_inventory_alerts:352 - Negative stock for product 61835: -1, converting to 0
2026-01-24 21:38:59,465 - utils.alert_service - WARNING - generate_inventory_alerts:352 - Negative stock for product 58849: -2, converting to 0
2026-01-24 21:38:59,493 - utils.alert_service - WARNING - generate_inventory_alerts:352 - Negative stock for product 7442: -4, converting to 0
2026-01-24 21:38:59,592 - utils.alert_service - WARNING - generate_inventory_alerts:352 - Negative stock for product 50737: -1, converting to 0
2026-01-24 21:38:59,599 - utils.alert_service - WARNING - generate_inventory_alerts:352 - Negative stock for product 59232: -1, converting to 0
2026-01-24 21:38:59,608 - utils.alert_service - WARNING - generate_inventory_alerts:352 - Negative stock for product 62646: -1, converting to 0
2026-01-24 21:38:59,609 - utils.alert_service - WARNING - generate_inventory_alerts:352 - Negative stock for product 1313: -1, converting to 0
2026-01-24 21:38:59,624 - utils.alert_service - WARNING - generate_inventory_alerts:352 - Negative stock for product 49351: -1, converting to 0
2026-01-24 21:38:59,627 - utils.alert_service - WARNING - generate_inventory_alerts:352 - Negative stock for product 53738: -1, converting to 0
2026-01-24 21:38:59,629 - utils.alert_service - WARNING - generate_inventory_alerts:352 - Negative stock for product 56507: -8, converting to 0
2026-01-24 21:38:59,634 - utils.alert_service - WARNING - generate_inventory_alerts:352 - Negative stock for product 61216: -2, converting to 0
2026-01-24 21:38:59,645 - utils.alert_service - WARNING - generate_inventory_alerts:352 - Negative stock for product 10979: -1, converting to 0
2026-01-24 21:38:59,649 - utils.alert_service - WARNING - generate_inventory_alerts:352 - Negative stock for product 43225: -1, converting to 0
2026-01-24 21:38:59,655 - utils.alert_service - WARNING - generate_inventory_alerts:352 - Negative stock for product 50845: -1, converting to 0
2026-01-24 21:38:59,663 - utils.alert_service - WARNING - generate_inventory_alerts:352 - Negative stock for product 1287: -1, converting to 0
2026-01-24 21:38:59,681 - utils.alert_service - WARNING - generate_inventory_alerts:352 - Negative stock for product 50047: -1, converting to 0
2026-01-24 21:38:59,682 - utils.alert_service - WARNING - generate_inventory_alerts:352 - Negative stock for product 52228: -1, converting to 0
2026-01-24 21:38:59,683 - utils.alert_service - WARNING - generate_inventory_alerts:352 - Negative stock for product 60775: -1, converting to 0
2026-01-24 21:38:59,687 - utils.alert_service - WARNING - generate_inventory_alerts:352 - Negative stock for product 8570: -5, converting to 0
2026-01-24 21:38:59,688 - utils.alert_service - WARNING - generate_inventory_alerts:352 - Negative stock for product 8579: -4, converting to 0
2026-01-24 21:38:59,689 - utils.alert_service - WARNING - generate_inventory_alerts:352 - Negative stock for product 16947: -10, converting to 0
2026-01-24 21:38:59,690 - utils.alert_service - WARNING - generate_inventory_alerts:352 - Negative stock for product 17538: -13, converting to 0
2026-01-24 21:38:59,691 - utils.alert_service - WARNING - generate_inventory_alerts:352 - Negative stock for product 47934: -10, converting to 0
2026-01-24 21:38:59,762 - utils.alert_service - WARNING - generate_inventory_alerts:352 - Negative stock for product 45483: -1, converting to 0
2026-01-24 21:38:59,783 - utils.alert_service - WARNING - generate_inventory_alerts:352 - Negative stock for product 62806: -3, converting to 0
2026-01-24 21:38:59,784 - utils.alert_service - WARNING - generate_inventory_alerts:352 - Negative stock for product 59838: -1, converting to 0
2026-01-24 21:38:59,791 - utils.alert_service - WARNING - generate_inventory_alerts:352 - Negative stock for product 784: -2, converting to 0
2026-01-24 21:38:59,821 - utils.alert_service - WARNING - generate_inventory_alerts:352 - Negative stock for product 36688: -1, converting to 0
2026-01-24 21:38:59,828 - utils.alert_service - WARNING - generate_inventory_alerts:352 - Negative stock for product 4188: -1, converting to 0
2026-01-24 21:38:59,829 - utils.alert_service - WARNING - generate_inventory_alerts:352 - Negative stock for product 4626: -1, converting to 0
2026-01-24 21:38:59,830 - utils.alert_service - WARNING - generate_inventory_alerts:352 - Negative stock for product 40920: -1, converting to 0
2026-01-24 21:38:59,831 - utils.alert_service - WARNING - generate_inventory_alerts:352 - Negative stock for product 53218: -1, converting to 0
2026-01-24 21:38:59,839 - utils.alert_service - WARNING - generate_inventory_alerts:352 - Negative stock for product 36297: -1, converting to 0
2026-01-24 21:38:59,842 - utils.alert_service - WARNING - generate_inventory_alerts:352 - Negative stock for product 18289: -1, converting to 0
2026-01-24 21:38:59,842 - utils.alert_service - WARNING - generate_inventory_alerts:352 - Negative stock for product 22006: -1, converting to 0
2026-01-24 21:38:59,843 - utils.alert_service - WARNING - generate_inventory_alerts:352 - Negative stock for product 25006: -1, converting to 0
2026-01-24 21:38:59,845 - utils.alert_service - WARNING - generate_inventory_alerts:352 - Negative stock for product 42820: -1, converting to 0
2026-01-24 21:38:59,849 - utils.alert_service - WARNING - generate_inventory_alerts:352 - Negative stock for product 55986: -1, converting to 0
2026-01-24 21:38:59,853 - utils.alert_service - WARNING - generate_inventory_alerts:352 - Negative stock for product 61347: -1, converting to 0
2026-01-24 21:38:59,866 - utils.alert_service - WARNING - generate_inventory_alerts:352 - Negative stock for product 45622: -3, converting to 0
2026-01-24 21:38:59,866 - utils.alert_service - WARNING - generate_inventory_alerts:352 - Negative stock for product 45625: -2, converting to 0
2026-01-24 21:38:59,866 - utils.alert_service - WARNING - generate_inventory_alerts:352 - Negative stock for product 45632: -16, converting to 0
2026-01-24 21:38:59,879 - utils.alert_service - WARNING - generate_inventory_alerts:352 - Negative stock for product 46389: -1, converting to 0
2026-01-24 21:38:59,879 - utils.alert_service - WARNING - generate_inventory_alerts:352 - Negative stock for product 48185: -1, converting to 0
2026-01-24 21:38:59,883 - utils.alert_service - WARNING - generate_inventory_alerts:352 - Negative stock for product 63228: -1, converting to 0
2026-01-24 21:38:59,888 - utils.alert_service - WARNING - generate_inventory_alerts:352 - Negative stock for product 28739: -5, converting to 0
2026-01-24 21:38:59,922 - utils.alert_service - WARNING - generate_inventory_alerts:352 - Negative stock for product 29536: -1, converting to 0
2026-01-24 21:38:59,944 - utils.alert_service - WARNING - generate_inventory_alerts:352 - Negative stock for product 36998: -1, converting to 0
2026-01-24 21:38:59,955 - utils.alert_service - WARNING - generate_inventory_alerts:352 - Negative stock for product 60412: -1, converting to 0
2026-01-24 21:38:59,956 - utils.alert_service - WARNING - generate_inventory_alerts:352 - Negative stock for product 60767: -1, converting to 0
2026-01-24 21:38:59,957 - utils.alert_service - WARNING - generate_inventory_alerts:352 - Negative stock for product 61661: -1, converting to 0
2026-01-24 21:38:59,971 - utils.alert_service - WARNING - generate_inventory_alerts:352 - Negative stock for product 58874: -1, converting to 0
2026-01-24 21:38:59,993 - utils.alert_service - WARNING - generate_inventory_alerts:352 - Negative stock for product 53864: -3, converting to 0
2026-01-24 21:38:59,999 - utils.alert_service - WARNING - generate_inventory_alerts:352 - Negative stock for product 16199: -1, converting to 0
2026-01-24 21:39:00,013 - utils.alert_service - WARNING - generate_inventory_alerts:352 - Negative stock for product 53411: -1, converting to 0
2026-01-24 21:39:00,032 - utils.alert_service - WARNING - generate_inventory_alerts:352 - Negative stock for product 4674: -6, converting to 0
2026-01-24 21:39:00,034 - utils.alert_service - WARNING - generate_inventory_alerts:352 - Negative stock for product 5258: -1, converting to 0
2026-01-24 21:39:00,038 - utils.alert_service - WARNING - generate_inventory_alerts:352 - Negative stock for product 6789: -4, converting to 0
2026-01-24 21:39:00,043 - utils.alert_service - WARNING - generate_inventory_alerts:352 - Negative stock for product 22518: -2, converting to 0
2026-01-24 21:39:00,047 - utils.alert_service - WARNING - generate_inventory_alerts:352 - Negative stock for product 38276: -17, converting to 0
2026-01-24 21:39:00,047 - utils.alert_service - WARNING - generate_inventory_alerts:352 - Negative stock for product 39062: -1, converting to 0
2026-01-24 21:39:00,049 - utils.alert_service - WARNING - generate_inventory_alerts:352 - Negative stock for product 43363: -1, converting to 0
2026-01-24 21:39:00,050 - utils.alert_service - WARNING - generate_inventory_alerts:352 - Negative stock for product 43408: -1, converting to 0
2026-01-24 21:39:00,051 - utils.alert_service - WARNING - generate_inventory_alerts:352 - Negative stock for product 43786: -1, converting to 0
2026-01-24 21:39:00,060 - utils.alert_service - WARNING - generate_inventory_alerts:352 - Negative stock for product 50797: -2, converting to 0
2026-01-24 21:39:00,060 - utils.alert_service - WARNING - generate_inventory_alerts:352 - Negative stock for product 50798: -1, converting to 0
2026-01-24 21:39:00,063 - utils.alert_service - WARNING - generate_inventory_alerts:352 - Negative stock for product 53523: -12, converting to 0
2026-01-24 21:39:00,064 - utils.alert_service - WARNING - generate_inventory_alerts:352 - Negative stock for product 53524: -4, converting to 0
2026-01-24 21:39:00,064 - utils.alert_service - WARNING - generate_inventory_alerts:352 - Negative stock for product 53525: -1, converting to 0
2026-01-24 21:39:00,065 - utils.alert_service - WARNING - generate_inventory_alerts:352 - Negative stock for product 53859: -1, converting to 0
2026-01-24 21:39:00,073 - utils.alert_service - WARNING - generate_inventory_alerts:352 - Negative stock for product 60721: -2, converting to 0
2026-01-24 21:39:00,079 - utils.alert_service - WARNING - generate_inventory_alerts:352 - Negative stock for product 16928: -5, converting to 0
2026-01-24 21:39:00,079 - utils.alert_service - WARNING - generate_inventory_alerts:352 - Negative stock for product 16931: -1, converting to 0
2026-01-24 21:39:00,088 - utils.alert_service - WARNING - generate_inventory_alerts:352 - Negative stock for product 53446: -1, converting to 0
2026-01-24 21:39:00,098 - utils.alert_service - WARNING - generate_inventory_alerts:352 - Negative stock for product 59631: -2, converting to 0
2026-01-24 21:39:00,104 - utils.alert_service - INFO - generate_inventory_alerts:385 - Processed 42438 items, skipped 0 items, generated 37064 alerts
2026-01-24 21:39:00,123 - utils.alert_service - INFO - generate_inventory_alerts:394 - Generated 37064 alerts in 7.44 seconds
2026-01-24 21:39:00,150 - utils.performance_optimization - INFO - monitor_performance_metrics:196 - Performance metric - generate_inventory_alerts: 7.468s
2026-01-24 21:39:00,150 - utils.performance_optimization - WARNING - monitor_performance_metrics:201 - Slow operation detected - generate_inventory_alerts: 7.468s
2026-01-24 21:39:00,151 - flask_app - INFO - api_inventory_alerts:1122 - API: Generated 10 alerts for user admin
2026-01-24 21:39:00,154 - werkzeug - INFO - _log:97 - 127.0.0.1 - - [24/Jan/2026 21:39:00] "GET /api/inventory-alerts?limit=10&use_dashboard_filters=true HTTP/1.1" 200 -
2026-01-24 21:39:00,223 - utils.performance_optimization - INFO - monitor_performance_metrics:196 - Performance metric - generate_inventory_alerts: 0.000s
2026-01-24 21:39:00,223 - flask_app - INFO - api_inventory_alerts:1122 - API: Generated 10 alerts for user admin
2026-01-24 21:39:00,224 - werkzeug - INFO - _log:97 - 127.0.0.1 - - [24/Jan/2026 21:39:00] "GET /api/inventory-alerts?limit=10&use_dashboard_filters=true HTTP/1.1" 200 -
2026-01-24 21:39:00,775 - modules.ai_insights - INFO - <module>:24 - Gemini API configured successfully
2026-01-24 21:39:00,782 - utils.ai_service - INFO - <module>:989 - AI Service: Disabled - Using Stub
2026-01-24 21:39:00,783 - werkzeug - INFO - _log:97 - 127.0.0.1 - - [24/Jan/2026 21:39:00] "GET /api/ai/status HTTP/1.1" 200 -
2026-01-24 21:39:00,811 - werkzeug - INFO - _log:97 - 127.0.0.1 - - [24/Jan/2026 21:39:00] "GET /api/ai/status HTTP/1.1" 200 -
2026-01-24 21:39:00,835 - werkzeug - INFO - _log:97 - 127.0.0.1 - - [24/Jan/2026 21:39:00] "GET /api/ai/status HTTP/1.1" 200 -
2026-01-24 21:39:00,871 - werkzeug - INFO - _log:97 - 127.0.0.1 - - [24/Jan/2026 21:39:00] "GET /api/ai/status HTTP/1.1" 200 -
2026-01-24 21:39:17,650 - werkzeug - INFO - _log:97 - 127.0.0.1 - - [24/Jan/2026 21:39:17] "GET /inventory HTTP/1.1" 200 -
2026-01-24 21:39:17,678 - werkzeug - INFO - _log:97 - 127.0.0.1 - - [24/Jan/2026 21:39:17] "[36mGET /static/css/custom.css HTTP/1.1[0m" 304 -
2026-01-24 21:39:50,256 - werkzeug - INFO - _log:97 - 127.0.0.1 - - [24/Jan/2026 21:39:50] "[36mGET /static/js/app.js HTTP/1.1[0m" 304 -
2026-01-24 21:39:50,545 - werkzeug - INFO - _log:97 - 127.0.0.1 - - [24/Jan/2026 21:39:50] "[36mGET /static/js/ai_features.js HTTP/1.1[0m" 304 -
2026-01-24 21:39:50,548 - werkzeug - INFO - _log:97 - 127.0.0.1 - - [24/Jan/2026 21:39:50] "[36mGET /static/js/export-manager.js HTTP/1.1[0m" 304 -
2026-01-24 21:39:53,637 - werkzeug - INFO - _log:97 - 127.0.0.1 - - [24/Jan/2026 21:39:53] "GET /api/ai/status HTTP/1.1" 200 -
2026-01-24 21:39:53,703 - werkzeug - INFO - _log:97 - 127.0.0.1 - - [24/Jan/2026 21:39:53] "GET /api/ai/status HTTP/1.1" 200 -
2026-01-24 21:39:59,678 - werkzeug - INFO - _log:97 - 127.0.0.1 - - [24/Jan/2026 21:39:59] "GET /api/ai/status HTTP/1.1" 200 -
2026-01-24 21:40:00,276 - werkzeug - INFO - _log:97 - 127.0.0.1 - - [24/Jan/2026 21:40:00] "GET /api/ai/status HTTP/1.1" 200 -
2026-01-24 21:40:42,747 - utils.session_validator - INFO - comprehensive_export_validation:705 - Starting comprehensive export validation for user admin, module inventory
2026-01-24 21:40:42,818 - utils.database_retry - INFO - _initialize_pool:57 - Connection pool initialized with 2 connections
2026-01-24 21:40:42,828 - utils.session_validator - INFO - validate_user_session:484 - Session validation successful for user admin, module inventory
2026-01-24 21:40:42,896 - utils.session_validator - INFO - validate_data_integrity:575 - Data integrity validation successful for user admin, module inventory: 1 DataFrames validated
2026-01-24 21:40:42,896 - utils.session_validator - ERROR - log_export_access_attempt:309 - Failed to log export access attempt for user admin, module inventory: 'AuditLogger' object has no attribute 'log_security_event'
Traceback (most recent call last):
  File "/home/rami/Desktop/TIF-APP/utils/session_validator.py", line 299, in log_export_access_attempt
    audit_logger.log_security_event('export_access', audit_data)
    ^^^^^^^^^^^^^^^^^^^^^^^^^^^^^^^
AttributeError: 'AuditLogger' object has no attribute 'log_security_event'
2026-01-24 21:40:42,909 - utils.session_validator - INFO - comprehensive_export_validation:762 - Comprehensive export validation successful for user admin, module inventory
2026-01-24 21:40:42,911 - flask_app - ERROR - download_inventory_report:1724 - Error downloading inventory report: No module named 'ui_helpers'
Traceback (most recent call last):
  File "/home/rami/Desktop/TIF-APP/flask_app.py", line 1712, in download_inventory_report
    import ui_helpers
ModuleNotFoundError: No module named 'ui_helpers'
2026-01-24 21:40:42,918 - werkzeug - INFO - _log:97 - 127.0.0.1 - - [24/Jan/2026 21:40:42] "[35m[1mPOST /download/inventory HTTP/1.1[0m" 500 -
2026-01-24 21:41:44,401 - werkzeug - INFO - _log:97 -  * Detected change in '/home/rami/Desktop/TIF-APP/utils/audit_logger.py', reloading
2026-01-24 21:41:44,664 - utils.database_retry - INFO - close_all:162 - All connections in pool closed
2026-01-24 21:41:47,483 - flask_app - INFO - <module>:84 - AI Service: DETACHED MODE (AI_ENABLED=False). Core systems running independently.
2026-01-24 21:41:47,540 - utils.performance_optimization - INFO - initialize_performance_optimizations:291 - Performance optimizations initialized successfully: Indexes: Ensured 5 database indexes are present; Query optimization: Updated table statistics for DuckDB
2026-01-24 21:41:47,540 - flask_app - INFO - <module>:4479 - Performance optimizations initialized: Indexes: Ensured 5 database indexes are present; Query optimization: Updated table statistics for DuckDB
2026-01-24 21:41:47,556 - werkzeug - WARNING - _log:97 -  * Debugger is active!
2026-01-24 21:41:47,568 - werkzeug - INFO - _log:97 -  * Debugger PIN: 893-279-951
2026-01-24 21:42:06,840 - werkzeug - INFO - _log:97 -  * Detected change in '/home/rami/Desktop/TIF-APP/flask_app.py', reloading
2026-01-24 21:42:08,482 - flask_app - INFO - <module>:84 - AI Service: DETACHED MODE (AI_ENABLED=False). Core systems running independently.
2026-01-24 21:42:08,590 - utils.performance_optimization - INFO - initialize_performance_optimizations:291 - Performance optimizations initialized successfully: Indexes: Ensured 5 database indexes are present; Query optimization: Updated table statistics for DuckDB
2026-01-24 21:42:08,592 - flask_app - INFO - <module>:4479 - Performance optimizations initialized: Indexes: Ensured 5 database indexes are present; Query optimization: Updated table statistics for DuckDB
2026-01-24 21:42:08,622 - werkzeug - WARNING - _log:97 -  * Debugger is active!
2026-01-24 21:42:08,630 - werkzeug - INFO - _log:97 -  * Debugger PIN: 893-279-951
2026-01-24 21:43:51,101 - werkzeug - INFO - _log:97 -  * Detected change in '/home/rami/Desktop/TIF-APP/flask_app.py', reloading
2026-01-24 21:43:52,398 - flask_app - INFO - <module>:84 - AI Service: DETACHED MODE (AI_ENABLED=False). Core systems running independently.
2026-01-24 21:43:52,469 - utils.performance_optimization - INFO - initialize_performance_optimizations:291 - Performance optimizations initialized successfully: Indexes: Ensured 5 database indexes are present; Query optimization: Updated table statistics for DuckDB
2026-01-24 21:43:52,470 - flask_app - INFO - <module>:4479 - Performance optimizations initialized: Indexes: Ensured 5 database indexes are present; Query optimization: Updated table statistics for DuckDB
2026-01-24 21:43:52,488 - werkzeug - WARNING - _log:97 -  * Debugger is active!
2026-01-24 21:43:52,496 - werkzeug - INFO - _log:97 -  * Debugger PIN: 893-279-951
2026-01-24 21:44:09,724 - werkzeug - INFO - _log:97 -  * Detected change in '/home/rami/Desktop/TIF-APP/flask_app.py', reloading
2026-01-24 21:44:10,859 - flask_app - INFO - <module>:84 - AI Service: DETACHED MODE (AI_ENABLED=False). Core systems running independently.
2026-01-24 21:44:10,970 - utils.performance_optimization - INFO - initialize_performance_optimizations:291 - Performance optimizations initialized successfully: Indexes: Ensured 5 database indexes are present; Query optimization: Updated table statistics for DuckDB
2026-01-24 21:44:10,972 - flask_app - INFO - <module>:4479 - Performance optimizations initialized: Indexes: Ensured 5 database indexes are present; Query optimization: Updated table statistics for DuckDB
2026-01-24 21:44:11,015 - werkzeug - WARNING - _log:97 -  * Debugger is active!
2026-01-24 21:44:11,023 - werkzeug - INFO - _log:97 -  * Debugger PIN: 893-279-951
2026-01-24 21:44:28,225 - werkzeug - INFO - _log:97 - 127.0.0.1 - - [24/Jan/2026 21:44:28] "GET /inventory HTTP/1.1" 200 -
2026-01-24 21:44:28,669 - werkzeug - INFO - _log:97 - 127.0.0.1 - - [24/Jan/2026 21:44:28] "[36mGET /static/css/custom.css HTTP/1.1[0m" 304 -
2026-01-24 21:45:08,791 - werkzeug - INFO - _log:97 - 127.0.0.1 - - [24/Jan/2026 21:45:08] "[36mGET /static/js/app.js HTTP/1.1[0m" 304 -
2026-01-24 21:45:09,148 - werkzeug - INFO - _log:97 - 127.0.0.1 - - [24/Jan/2026 21:45:09] "[36mGET /static/js/ai_features.js HTTP/1.1[0m" 304 -
2026-01-24 21:45:09,153 - werkzeug - INFO - _log:97 - 127.0.0.1 - - [24/Jan/2026 21:45:09] "[36mGET /static/js/export-manager.js HTTP/1.1[0m" 304 -
2026-01-24 21:45:22,283 - modules.ai_insights - INFO - <module>:24 - Gemini API configured successfully
2026-01-24 21:45:22,300 - utils.ai_service - INFO - <module>:989 - AI Service: Disabled - Using Stub
2026-01-24 21:45:22,301 - werkzeug - INFO - _log:97 - 127.0.0.1 - - [24/Jan/2026 21:45:22] "GET /api/ai/status HTTP/1.1" 200 -
2026-01-24 21:45:22,331 - werkzeug - INFO - _log:97 - 127.0.0.1 - - [24/Jan/2026 21:45:22] "GET /api/ai/status HTTP/1.1" 200 -
2026-01-24 21:45:26,140 - werkzeug - INFO - _log:97 - 127.0.0.1 - - [24/Jan/2026 21:45:26] "GET /api/ai/status HTTP/1.1" 200 -
2026-01-24 21:45:30,102 - werkzeug - INFO - _log:97 - 127.0.0.1 - - [24/Jan/2026 21:45:30] "GET /api/ai/status HTTP/1.1" 200 -
2026-01-24 21:45:39,760 - utils.session_validator - INFO - comprehensive_export_validation:705 - Starting comprehensive export validation for user admin, module inventory
2026-01-24 21:45:39,899 - utils.database_retry - INFO - _initialize_pool:57 - Connection pool initialized with 2 connections
2026-01-24 21:45:39,906 - utils.session_validator - INFO - validate_user_session:484 - Session validation successful for user admin, module inventory
2026-01-24 21:45:40,050 - utils.session_validator - INFO - validate_data_integrity:575 - Data integrity validation successful for user admin, module inventory: 1 DataFrames validated
2026-01-24 21:45:40,051 - audit_logger - WARNING - log_event:53 - {"timestamp": "2026-01-24T21:45:40.050752", "event_type": "security_event", "user_id": "unknown", "level": "WARNING", "details": {"security_type": "export_access", "username": "admin", "module": "inventory", "action": "export_attempt", "success": true, "timestamp": "2026-01-24T21:45:40.050344", "user_agent": "Mozilla/5.0 (X11; Linux x86_64) AppleWebKit/537.36 (KHTML, like Gecko) Chrome/144.0.0.0 Safari/537.36", "ip_address": "127.0.0.1"}}
2026-01-24 21:45:40,051 - utils.session_validator - INFO - log_export_access_attempt:303 - Export access granted: user=admin, module=inventory
2026-01-24 21:45:40,051 - utils.session_validator - INFO - comprehensive_export_validation:762 - Comprehensive export validation successful for user admin, module inventory
2026-01-24 21:45:45,679 - werkzeug - INFO - _log:97 - 127.0.0.1 - - [24/Jan/2026 21:45:45] "POST /download/inventory HTTP/1.1" 200 -
2026-01-24 21:50:04,495 - werkzeug - INFO - _log:97 - 127.0.0.1 - - [24/Jan/2026 21:50:04] "[32mPOST /inventory/clear HTTP/1.1[0m" 302 -
2026-01-24 21:50:04,576 - werkzeug - INFO - _log:97 - 127.0.0.1 - - [24/Jan/2026 21:50:04] "GET /inventory HTTP/1.1" 200 -
2026-01-24 21:50:04,750 - werkzeug - INFO - _log:97 - 127.0.0.1 - - [24/Jan/2026 21:50:04] "[36mGET /static/css/custom.css HTTP/1.1[0m" 304 -
2026-01-24 21:50:04,756 - werkzeug - INFO - _log:97 - 127.0.0.1 - - [24/Jan/2026 21:50:04] "[36mGET /static/js/ai_features.js HTTP/1.1[0m" 304 -
2026-01-24 21:50:04,759 - werkzeug - INFO - _log:97 - 127.0.0.1 - - [24/Jan/2026 21:50:04] "[36mGET /static/js/export-manager.js HTTP/1.1[0m" 304 -
2026-01-24 21:50:04,765 - werkzeug - INFO - _log:97 - 127.0.0.1 - - [24/Jan/2026 21:50:04] "[36mGET /static/js/app.js HTTP/1.1[0m" 304 -
2026-01-24 21:50:05,103 - werkzeug - INFO - _log:97 - 127.0.0.1 - - [24/Jan/2026 21:50:05] "GET /api/ai/status HTTP/1.1" 200 -
2026-01-24 21:50:05,136 - werkzeug - INFO - _log:97 - 127.0.0.1 - - [24/Jan/2026 21:50:05] "GET /api/ai/status HTTP/1.1" 200 -
2026-01-24 21:50:05,169 - werkzeug - INFO - _log:97 - 127.0.0.1 - - [24/Jan/2026 21:50:05] "GET /api/ai/status HTTP/1.1" 200 -
2026-01-24 21:50:05,197 - werkzeug - INFO - _log:97 - 127.0.0.1 - - [24/Jan/2026 21:50:05] "GET /api/ai/status HTTP/1.1" 200 -
2026-01-24 21:50:08,150 - werkzeug - INFO - _log:97 - 127.0.0.1 - - [24/Jan/2026 21:50:08] "GET /transfers HTTP/1.1" 200 -
2026-01-24 21:50:08,204 - werkzeug - INFO - _log:97 - 127.0.0.1 - - [24/Jan/2026 21:50:08] "[36mGET /static/css/custom.css HTTP/1.1[0m" 304 -
2026-01-24 21:50:08,772 - werkzeug - INFO - _log:97 - 127.0.0.1 - - [24/Jan/2026 21:50:08] "[36mGET /static/js/app.js HTTP/1.1[0m" 304 -
2026-01-24 21:50:08,776 - werkzeug - INFO - _log:97 - 127.0.0.1 - - [24/Jan/2026 21:50:08] "[36mGET /static/js/ai_features.js HTTP/1.1[0m" 304 -
2026-01-24 21:50:08,777 - werkzeug - INFO - _log:97 - 127.0.0.1 - - [24/Jan/2026 21:50:08] "[36mGET /static/js/export-manager.js HTTP/1.1[0m" 304 -
2026-01-24 21:50:09,198 - werkzeug - INFO - _log:97 - 127.0.0.1 - - [24/Jan/2026 21:50:09] "GET /api/ai/status HTTP/1.1" 200 -
2026-01-24 21:50:09,221 - werkzeug - INFO - _log:97 - 127.0.0.1 - - [24/Jan/2026 21:50:09] "GET /api/ai/status HTTP/1.1" 200 -
2026-01-24 21:50:09,339 - werkzeug - INFO - _log:97 - 127.0.0.1 - - [24/Jan/2026 21:50:09] "GET /api/ai/status HTTP/1.1" 200 -
2026-01-24 21:50:09,371 - werkzeug - INFO - _log:97 - 127.0.0.1 - - [24/Jan/2026 21:50:09] "GET /api/ai/status HTTP/1.1" 200 -
2026-01-24 21:50:14,622 - utils.session_validator - INFO - comprehensive_export_validation:705 - Starting comprehensive export validation for user admin, module transfers
2026-01-24 21:50:14,661 - utils.session_validator - INFO - validate_user_session:484 - Session validation successful for user admin, module transfers
2026-01-24 21:50:14,703 - utils.session_validator - INFO - validate_data_integrity:575 - Data integrity validation successful for user admin, module transfers: 2 DataFrames validated
2026-01-24 21:50:14,705 - audit_logger - WARNING - log_event:53 - {"timestamp": "2026-01-24T21:50:14.704981", "event_type": "security_event", "user_id": "unknown", "level": "WARNING", "details": {"security_type": "export_access", "username": "admin", "module": "transfers", "action": "export_attempt", "success": true, "timestamp": "2026-01-24T21:50:14.703748", "user_agent": "Mozilla/5.0 (X11; Linux x86_64) AppleWebKit/537.36 (KHTML, like Gecko) Chrome/144.0.0.0 Safari/537.36", "ip_address": "127.0.0.1"}}
2026-01-24 21:50:14,706 - utils.session_validator - INFO - log_export_access_attempt:303 - Export access granted: user=admin, module=transfers
2026-01-24 21:50:14,706 - utils.session_validator - INFO - comprehensive_export_validation:762 - Comprehensive export validation successful for user admin, module transfers
2026-01-24 21:50:14,775 - werkzeug - INFO - _log:97 - 127.0.0.1 - - [24/Jan/2026 21:50:14] "[31m[1mPOST /download/transfers HTTP/1.1[0m" 400 -
2026-01-24 21:53:33,260 - werkzeug - INFO - _log:97 -  * Detected change in '/home/rami/Desktop/TIF-APP/utils/ui_helpers.py', reloading
2026-01-24 21:53:33,658 - utils.database_retry - INFO - close_all:162 - All connections in pool closed
2026-01-24 21:53:36,526 - flask_app - INFO - <module>:84 - AI Service: DETACHED MODE (AI_ENABLED=False). Core systems running independently.
2026-01-24 21:53:36,594 - utils.performance_optimization - INFO - initialize_performance_optimizations:291 - Performance optimizations initialized successfully: Indexes: Ensured 5 database indexes are present; Query optimization: Updated table statistics for DuckDB
2026-01-24 21:53:36,594 - flask_app - INFO - <module>:4479 - Performance optimizations initialized: Indexes: Ensured 5 database indexes are present; Query optimization: Updated table statistics for DuckDB
2026-01-24 21:53:36,612 - werkzeug - WARNING - _log:97 -  * Debugger is active!
2026-01-24 21:53:36,623 - werkzeug - INFO - _log:97 -  * Debugger PIN: 893-279-951
2026-01-24 21:53:55,937 - werkzeug - INFO - _log:97 -  * Detected change in '/home/rami/Desktop/TIF-APP/flask_app.py', reloading
